.\data\antenna\JPEGImages\0.jpg 336,285,522,685,0 344,1327,532,1661,1
.\data\antenna\JPEGImages\1.jpg 411,131,588,511,0
.\data\antenna\JPEGImages\10.jpg 354,105,436,270,0 580,855,662,981,1
.\data\antenna\JPEGImages\100.jpg 31,143,105,274,1 481,195,522,261,1 462,57,503,184,0
.\data\antenna\JPEGImages\101.jpg 292,32,330,199,0
.\data\antenna\JPEGImages\102.jpg 41,241,82,320,1 357,189,383,256,0 534,93,560,157,0 650,74,683,151,0 648,341,680,389,1
.\data\antenna\JPEGImages\103.jpg 116,136,158,229,0 161,426,194,480,1 324,346,347,405,0 473,246,497,303,0 568,214,607,293,0 606,459,638,493,1
.\data\antenna\JPEGImages\104.jpg 618,125,684,284,0 293,339,341,441,0 164,410,221,547,0 134,594,174,708,0 158,824,215,908,1
.\data\antenna\JPEGImages\105.jpg 303,117,355,219,0 441,348,464,403,0 586,274,611,328,0 671,264,700,328,0 682,471,706,509,1 326,411,355,463,1
.\data\antenna\JPEGImages\106.jpg 34,71,60,135,0 148,72,172,149,0 482,181,496,231,0 161,318,182,354,1
.\data\antenna\JPEGImages\107.jpg 96,212,137,325,0 162,164,214,281,0 337,-2,379,147,0 535,146,585,262,0 387,251,422,346,0 282,304,306,387,0 565,598,610,664,1 184,628,227,697,1 274,618,307,674,1
.\data\antenna\JPEGImages\108.jpg 267,220,331,391,0 242,571,313,699,1
.\data\antenna\JPEGImages\109.jpg 150,111,246,289,0 12,865,114,1111,1 402,645,470,813,0 466,905,528,1029,0 406,947,470,1057,1
.\data\antenna\JPEGImages\11.jpg 219,300,251,429,0 371,323,408,417,0 829,240,901,402,0 191,802,228,865,1 843,838,886,925,1
.\data\antenna\JPEGImages\110.jpg 661,125,700,258,0
.\data\antenna\JPEGImages\111.jpg 375,195,436,341,0 477,618,535,733,0 396,735,452,830,1
.\data\antenna\JPEGImages\112.jpg 28,131,112,278,1 510,74,588,194,1 512,616,593,777,1 -1,625,70,780,1
.\data\antenna\JPEGImages\113.jpg 507,15,597,193,0 162,448,232,585,0 541,618,602,714,1 517,714,562,821,1
.\data\antenna\JPEGImages\114.jpg 128,654,185,794,0 462,248,536,401,0 502,824,567,923,1 485,936,537,1025,1
.\data\antenna\JPEGImages\115.jpg 286,146,319,248,0 437,129,489,236,0 462,363,500,417,1 666,214,713,330,0
.\data\antenna\JPEGImages\116.jpg 596,85,634,184,0 410,118,446,214,0 271,134,322,258,0 0,98,42,262,0 587,362,625,428,1
.\data\antenna\JPEGImages\117.jpg 86,142,126,290,0 343,151,384,273,0 472,120,510,216,0 652,70,698,171,0 664,348,706,415,1 84,409,130,473,1
.\data\antenna\JPEGImages\118.jpg 20,47,62,191,0 365,111,399,233,0 648,104,695,234,0 667,345,716,423,1
.\data\antenna\JPEGImages\119.jpg 374,117,419,232,0 579,68,631,202,0 624,321,662,393,1
.\data\antenna\JPEGImages\12.jpg 83,576,131,670,1 518,47,548,143,0
.\data\antenna\JPEGImages\13.jpg 366,71,484,253,0 748,539,848,731,0 310,903,452,1111,1 778,915,880,1039,1 240,1113,282,1235,0
.\data\antenna\JPEGImages\14.jpg 136,48,179,186,0 388,151,423,236,0 674,353,697,408,0
.\data\antenna\JPEGImages\15.jpg 91,65,136,164,0 225,103,260,176,0 591,86,633,192,0 38,488,81,549,1 574,519,620,591,1
.\data\antenna\JPEGImages\16.jpg 255,201,294,276,0 337,262,363,320,0 369,166,410,255,0 538,87,583,181,0 540,213,586,312,0 379,486,408,556,1 545,457,587,529,1
.\data\antenna\JPEGImages\17.jpg 113,23,171,121,0 92,159,145,267,0 51,417,92,498,1
.\data\antenna\JPEGImages\18.jpg 72,110,155,278,0 461,103,531,270,0 606,340,670,513,0
.\data\antenna\JPEGImages\19.jpg 513,213,615,387,0 329,453,416,597,0 905,212,979,374,0
.\data\antenna\JPEGImages\2.jpg 289,21,317,84,0 357,69,380,116,0 409,75,431,122,0 368,145,387,175,1 420,203,436,228,1 574,182,597,217,1 613,121,632,154,1 639,180,660,215,1 614,12,637,68,0 640,53,660,102,0
.\data\antenna\JPEGImages\20.jpg 84,138,185,303,0 483,128,563,287,0
.\data\antenna\JPEGImages\21.jpg 123,171,211,341,0
.\data\antenna\JPEGImages\22.jpg 140,155,208,328,0
.\data\antenna\JPEGImages\23.jpg 113,145,169,363,0 138,2,205,158,0 566,153,639,296,0 698,249,746,359,0 727,342,766,469,0 836,269,882,371,0 868,49,954,236,0 629,610,681,702,1
.\data\antenna\JPEGImages\24.jpg 360,395,456,583,0 554,719,628,871,0 392,773,482,893,1 626,1139,704,1259,1
.\data\antenna\JPEGImages\25.jpg 117,0,158,79,0 116,69,162,162,0 307,41,333,114,0 310,208,339,251,1 480,75,508,146,0 539,46,561,123,0 537,133,562,210,0 817,165,863,223,1 469,220,498,257,1 518,316,568,371,1
.\data\antenna\JPEGImages\26.jpg 590,139,752,485,0 578,789,692,937,1 572,947,688,1063,1 230,555,282,715,0 218,733,270,925,0 158,629,218,777,0 96,921,174,1013,1
.\data\antenna\JPEGImages\27.jpg 92,4,130,185,0 310,48,355,199,0
.\data\antenna\JPEGImages\28.jpg 335,102,411,307,0 363,316,447,411,1 577,199,642,361,0
.\data\antenna\JPEGImages\29.jpg 159,35,280,279,0 430,68,509,279,0 516,275,568,366,1
.\data\antenna\JPEGImages\3.jpg 355,213,390,303,0 536,184,563,283,0 737,100,787,231,0 744,340,786,431,1
.\data\antenna\JPEGImages\30.jpg 191,67,230,190,0 475,100,531,243,0
.\data\antenna\JPEGImages\31.jpg 50,240,124,385,0 439,198,498,344,0
.\data\antenna\JPEGImages\32.jpg 322,248,388,435,0 337,456,410,660,0 283,690,349,790,1 355,748,409,849,1
.\data\antenna\JPEGImages\33.jpg 428,176,482,364,0 36,340,92,486,0
.\data\antenna\JPEGImages\34.jpg 48,7,120,284,0 145,202,209,399,0 761,61,832,324,0
.\data\antenna\JPEGImages\35.jpg 42,179,87,286,0 78,192,113,280,0 220,118,255,225,0 315,276,332,350,0 326,234,354,307,0 367,206,412,290,0 364,296,394,338,1 447,331,488,403,0 516,321,543,396,0 562,346,589,411,0 633,281,672,372,0 59,291,100,338,1
.\data\antenna\JPEGImages\36.jpg 262,302,295,419,0 494,268,526,407,0 663,208,712,340,0 727,233,779,391,0 267,513,302,573,1 671,463,710,518,1
.\data\antenna\JPEGImages\37.jpg 105,253,168,466,0 356,229,414,403,0 475,263,548,476,0 332,560,381,649,1
.\data\antenna\JPEGImages\38.jpg 351,102,413,283,0 707,9,777,225,0 389,418,443,511,1
.\data\antenna\JPEGImages\39.jpg 451,199,534,435,0 425,606,508,745,0 496,637,538,873,1
.\data\antenna\JPEGImages\4.jpg 416,124,481,274,0
.\data\antenna\JPEGImages\40.jpg 411,461,494,729,0 579,269,697,538,0
.\data\antenna\JPEGImages\41.jpg 211,76,263,209,0 287,157,324,270,0 443,259,480,371,0 606,249,646,369,0
.\data\antenna\JPEGImages\42.jpg 610,165,658,295,0 681,232,735,343,0 861,310,916,445,0
.\data\antenna\JPEGImages\43.jpg 607,333,698,561,0 1011,437,1086,630,0 659,646,722,756,1 1028,771,1103,870,1
.\data\antenna\JPEGImages\44.jpg 235,107,298,269,0 456,341,492,468,0 622,337,659,467,0
.\data\antenna\JPEGImages\45.jpg 238,104,303,266,0 454,339,485,471,0 626,346,666,460,0
.\data\antenna\JPEGImages\46.jpg 349,247,387,371,0 489,209,518,348,0
.\data\antenna\JPEGImages\47.jpg 58,86,95,213,0 212,103,255,217,0
.\data\antenna\JPEGImages\48.jpg 171,183,210,352,0 389,209,433,362,0
.\data\antenna\JPEGImages\49.jpg 400,2,481,172,0 544,106,615,247,0 782,175,862,353,0
.\data\antenna\JPEGImages\5.jpg 409,312,466,457,0
.\data\antenna\JPEGImages\50.jpg 184,134,221,259,0 367,156,394,278,0 766,387,794,463,0 856,361,884,448,0
.\data\antenna\JPEGImages\51.jpg 177,119,244,241,0 201,266,253,399,0 452,100,509,234,0 456,246,523,390,0 554,41,620,192,0 561,208,635,383,0 230,521,287,579,1 465,470,507,538,1 594,504,654,571,1
.\data\antenna\JPEGImages\52.jpg 202,92,258,212,0 223,241,274,375,0 472,84,525,214,0 569,24,628,176,0 477,222,527,363,0 579,196,635,363,0 607,482,655,556,1 477,456,517,513,1 245,494,300,553,1
.\data\antenna\JPEGImages\53.jpg 483,190,527,290,0 498,303,531,383,0 694,183,739,291,0 701,300,738,411,0 788,143,841,264,0 797,271,854,415,0 518,503,547,551,1 691,482,726,525,1 818,507,857,561,1
.\data\antenna\JPEGImages\54.jpg 358,76,382,145,0 347,318,375,363,1 515,128,537,188,0 520,242,543,273,1 609,162,630,215,0
.\data\antenna\JPEGImages\55.jpg 699,125,748,263,0 379,43,433,166,0 179,26,229,147,0 193,188,244,318,0 180,283,226,351,1 386,294,422,357,1
.\data\antenna\JPEGImages\56.jpg 78,182,132,284,1 386,293,439,367,1 626,296,670,370,1 611,20,674,156,0 427,206,472,332,0 380,28,439,156,0
.\data\antenna\JPEGImages\57.jpg 488,36,525,202,0 734,55,803,186,1
.\data\antenna\JPEGImages\58.jpg 327,108,377,272,0 577,129,647,251,1
.\data\antenna\JPEGImages\59.jpg 248,154,323,258,1 557,192,606,283,1 301,58,344,226,0
.\data\antenna\JPEGImages\6.jpg 90,141,152,256,0
.\data\antenna\JPEGImages\60.jpg 141,283,193,393,1 583,58,668,240,0
.\data\antenna\JPEGImages\61.jpg 507,388,675,857,0 642,767,720,1118,0 417,1031,576,1232,1
.\data\antenna\JPEGImages\62.jpg 530,8,899,1050,0 836,944,1265,2244,0
.\data\antenna\JPEGImages\63.jpg 543,154,879,1250,0 1420,635,1819,1605,0 2147,737,2450,1644,0 2507,1701,2696,2298,0
.\data\antenna\JPEGImages\64.jpg 134,697,386,1494,0 1116,823,1368,1452,0 170,2374,320,2637,1 368,2392,523,2709,1
.\data\antenna\JPEGImages\65.jpg 290,67,314,137,0 453,118,482,180,0 540,156,566,213,0 274,310,305,352,1 456,234,480,267,1
.\data\antenna\JPEGImages\66.jpg 754,346,1006,1178,0 682,2534,994,3006,1
.\data\antenna\JPEGImages\67.jpg 293,119,706,1185,0 107,2365,425,2874,1
.\data\antenna\JPEGImages\68.jpg 708,626,876,1202,0 3087,241,3360,1003,0
.\data\antenna\JPEGImages\69.jpg 190,192,244,329,0 201,71,255,188,0 439,58,491,166,0 435,174,489,300,0 632,106,688,220,0
.\data\antenna\JPEGImages\7.jpg 280,256,325,450,0 298,477,343,658,0 643,148,750,332,0 630,339,726,575,0
.\data\antenna\JPEGImages\70.jpg 113,190,175,310,0
.\data\antenna\JPEGImages\71.jpg 111,40,196,183,0
.\data\antenna\JPEGImages\72.jpg 105,220,129,320,0 250,207,273,297,0 447,201,487,306,0 586,171,615,301,0 556,319,597,382,1 420,317,452,362,1
.\data\antenna\JPEGImages\73.jpg 154,164,185,274,0 310,157,332,247,0 501,167,525,260,0 602,141,636,246,0 577,273,609,330,1 465,273,499,322,1
.\data\antenna\JPEGImages\74.jpg 533,72,576,242,0 715,103,750,233,0 877,148,918,266,0 722,238,763,302,1 900,270,933,327,1
.\data\antenna\JPEGImages\75.jpg 133,35,181,216,0 336,85,380,219,0 353,227,397,289,1 492,143,534,258,0 714,153,757,277,0 904,98,958,239,0 513,255,546,307,1
.\data\antenna\JPEGImages\76.jpg 824,87,855,139,1
.\data\antenna\JPEGImages\77.jpg 58,126,108,253,0 321,162,362,295,0 488,141,527,259,0 783,49,851,236,0 732,129,775,263,0 732,276,777,357,1 699,280,733,349,1 91,253,129,312,1
.\data\antenna\JPEGImages\78.jpg 414,98,504,305,0
.\data\antenna\JPEGImages\79.jpg 235,118,319,241,1 753,170,841,292,1
.\data\antenna\JPEGImages\8.jpg 256,285,317,418,0 316,435,360,564,0
.\data\antenna\JPEGImages\80.jpg 247,87,305,188,1
.\data\antenna\JPEGImages\81.jpg 99,67,159,291,0 425,127,472,302,0 672,205,727,350,0 703,354,747,429,1 429,314,483,398,1
.\data\antenna\JPEGImages\82.jpg 142,157,207,322,0 490,201,535,383,0 764,154,815,319,0 174,330,219,410,1
.\data\antenna\JPEGImages\83.jpg 251,143,307,304,0 606,172,680,351,0 876,54,957,309,0 834,363,918,497,1 564,370,616,458,1
.\data\antenna\JPEGImages\84.jpg 263,370,314,456,1 537,372,606,487,1 575,109,628,327,0 327,179,385,348,0
.\data\antenna\JPEGImages\85.jpg 290,218,339,384,0 324,48,347,189,0 310,422,360,499,1
.\data\antenna\JPEGImages\86.jpg 408,98,443,232,0
.\data\antenna\JPEGImages\87.jpg 352,117,448,271,0 398,835,492,1085,1 706,631,794,797,0 812,933,876,1031,1
.\data\antenna\JPEGImages\88.jpg 666,35,717,224,0
.\data\antenna\JPEGImages\89.jpg 467,261,544,576,0
.\data\antenna\JPEGImages\9.jpg 101,276,158,377,0
.\data\antenna\JPEGImages\90.jpg 465,374,570,690,0
.\data\antenna\JPEGImages\91.jpg 435,141,497,425,0
.\data\antenna\JPEGImages\92.jpg 411,389,471,645,0
.\data\antenna\JPEGImages\93.jpg 375,110,435,323,0 351,357,422,570,0 366,628,440,732,1 919,281,955,401,0 928,441,958,546,0 960,453,993,538,0
.\data\antenna\JPEGImages\94.jpg 356,282,407,470,0 327,513,408,714,0 888,416,939,531,0 918,562,951,658,0 946,565,982,657,0 354,777,428,888,1
.\data\antenna\JPEGImages\95.jpg 236,21,367,321,0 518,131,612,333,0
.\data\antenna\JPEGImages\96.jpg 55,31,139,290,0 130,256,214,368,1
.\data\antenna\JPEGImages\97.jpg 232,231,361,484,1 409,118,487,300,0 431,310,501,509,0 509,217,557,352,0 106,2,192,311,0
.\data\antenna\JPEGImages\98.jpg 366,489,454,615,0 712,921,818,1081,0 840,1219,920,1343,1 382,1137,518,1391,1
.\data\antenna\JPEGImages\99.jpg 338,92,397,268,0 581,101,651,276,0
